gene_id	baseMean	log2FoldChange	lfcSE	stat	pvalue	padj
BVRB_1g001980	5075.68913089213	-1.68452914328816	0.0852490113081938	-19.7601018174653	6.56721665161402e-87	1.2865834142177e-82
BVRB_2g046860	437.162334552165	-0.952504185193727	0.0622926469067854	-15.2907964662194	8.80664870848112e-53	8.62655274239268e-49
BVRB_7g173470	132.054377863663	1.33153089214215	0.101082892802758	13.1726631007717	1.26070954561014e-39	8.23285356934942e-36
BVRB_012940	165.166671777472	1.59143874392341	0.12473535554875	12.7585217272375	2.79454046596961e-37	1.36869605672027e-33
BVRB_6g153730	251.62493812261	-1.3957656859391	0.113968760828227	-12.2469146439417	1.74509503092114e-34	6.83763135015521e-31
BVRB_9g217450	24927.4701768992	1.05993619216716	0.0962045338693736	11.0175284837027	3.1457796739975e-28	1.02714949322142e-24
BVRB_1g012190	3434.20504833678	1.22418906066625	0.113328929310365	10.8020879409675	3.36464006290426e-27	9.41666621033678e-24
BVRB_5g114270	930.248379808276	1.31027640832102	0.126742713699233	10.3380807470351	4.73933917334271e-25	1.16060492181196e-21
BVRB_006460	1778.63555933461	1.17245239521519	0.113644348182694	10.3168561742319	5.91275646065264e-25	1.28707568689607e-21
BVRB_1g015930	149.26964853386	1.52143746176946	0.153887383871944	9.88669391530829	4.75471382127055e-23	9.31495984725113e-20
BVRB_2g023780	23.8298606497457	2.44816227808237	0.248380396762993	9.85650361295797	6.42477487955007e-23	1.14425240604787e-19
BVRB_7g169350	378.521887753106	1.24285347815877	0.126936790097215	9.79112105487249	1.22925308617638e-22	2.00685810094012e-19
BVRB_3g066850	21.2264225549695	3.05913812276762	0.315048835506298	9.71004421537204	2.73218569358152e-22	4.11740384022736e-19
BVRB_2g025460	2370.41398796968	-1.26953762910046	0.135374154903313	-9.37799116830822	6.72415826218009e-21	9.40949889388358e-18
BVRB_6g152640	1541.35980137763	0.799658787189947	0.0859567560229683	9.30303590070654	1.364916033793e-20	1.78267133453591e-17
BVRB_4g084740	1789.04062737804	-0.932424477007245	0.100709590377445	-9.25854701138841	2.07232948594453e-20	2.53743793494621e-17
BVRB_003830	549.001175373605	-0.789716840178216	0.0855292542694315	-9.23329505119353	2.62431958525732e-20	3.0242967643986e-17
BVRB_4g085000	392.108824342807	0.607279368813187	0.0664493999692874	9.13897445415412	6.30473595848782e-20	6.86200456459639e-17
BVRB_5g113110	1501.93537094123	0.741928700201957	0.0819517128978269	9.05324213451102	1.38785101725846e-19	1.43102048837424e-16
BVRB_5g120600	245.461416565185	0.820969964930955	0.0918445773933845	8.93868738068895	3.93820234185829e-19	3.85766610396728e-16
BVRB_7g162170	25623.4633840106	-0.8502455525206	0.0981284661540579	-8.66461676049992	4.53034365074203e-18	4.22637916484224e-15
BVRB_4g072140	221.671689331119	2.62575544595311	0.303876099615788	8.64087517666917	5.57840382577165e-18	4.96756860684966e-15
BVRB_3g053350	171.9666994183	-1.92901875302763	0.237644332707006	-8.11725123445691	4.7686094302103e-16	4.06181858031522e-13
BVRB_9g216730	45.0629675887839	1.48372842107432	0.183240442996345	8.09716674339145	5.62539435531938e-16	4.59196253396092e-13
BVRB_5g123260	2373.84748488179	0.355714502629094	0.0440065029826762	8.08322585344093	6.30756522179852e-16	4.94286041041019e-13
BVRB_3g048220	594.547421573739	-0.731212314299965	0.0919621105283303	-7.95123459106242	1.84661884725367e-15	1.39142730140564e-12
BVRB_2g026580	23.2559661892685	-23.3260026710233	2.97990598312428	-7.82776463523427	4.96620527684654e-15	3.6034417621741e-12
BVRB_7g174160	2484.68612284084	-1.34241115372667	0.175020154453939	-7.67003753319139	1.7194602759643e-14	1.20306950951488e-11
BVRB_2g044600	340.178330548381	0.815816528423195	0.107447609488813	7.59269128745145	3.13328432154317e-14	2.0663475403774e-11
BVRB_6g127660	284.427920606718	1.06268327023585	0.139984815334838	7.59141816699157	3.16422981018438e-14	2.0663475403774e-11
BVRB_4g079790	271.276231655709	-1.51477932437622	0.203581908706675	-7.44063818833111	1.00200037709474e-13	6.33231915731064e-11
BVRB_9g221230	38642.2696168382	-0.617728057113064	0.0844978659625027	-7.31057583616598	2.65999971284207e-13	1.62850169919653e-10
BVRB_3g070610	157.055410058652	0.749772953857928	0.105804279089043	7.08641427656187	1.37631402320681e-12	8.17071758443776e-10
BVRB_3g066840	71.2469287639265	2.02976711119101	0.28681304665803	7.07696924823341	1.47341212637384e-12	8.48988734346763e-10
BVRB_3g057500	1590.30044475742	-0.953226550065342	0.135176612838921	-7.05171205318797	1.76729636420683e-12	9.89231516319313e-10
BVRB_2g043010	132.520788949687	-0.750890662489278	0.107612503855268	-6.97772689593006	2.99994089492131e-12	1.63255116867787e-09
BVRB_1g015780	546.432793793607	0.844029706502268	0.121197722007631	6.96407236473573	3.30574663395887e-12	1.75034817042941e-09
BVRB_6g155280	513.008484441621	-0.755938059409889	0.110245082699399	-6.85688686425207	7.03773216794052e-12	3.62832133952955e-09
BVRB_9g202450	8326.0882650632	0.507032822386434	0.0747664243464186	6.78155772218257	1.18886958680347e-11	5.97208822437611e-09
BVRB_4g076510	253.612545912978	1.11683673947766	0.165661514155983	6.7416789298815	1.56566765072354e-11	7.66824873633123e-09
BVRB_2g030260	144.824812438264	-0.793264577422847	0.118881634045142	-6.67272605894385	2.51094838762066e-11	1.19980463077747e-08
BVRB_7g176960	4495.04060670136	0.55342589221461	0.0830866573931923	6.66082749719517	2.72290088262606e-11	1.27010359979827e-08
BVRB_5g123390	527.71772933181	-0.750189544162651	0.11319926262551	-6.62715928322302	3.42208317933994e-11	1.55911701317323e-08
BVRB_9g206800	335.908024217538	0.42468512099809	0.0643739691393375	6.59715606596913	4.19119510986054e-11	1.85025004042274e-08
BVRB_9g216440	329.875152421476	-0.601143518544753	0.0911501590372301	-6.59509017750826	4.24997457092661e-11	1.85025004042274e-08
BVRB_3g065250	2663.74958337097	-0.597021170918545	0.0907192956308112	-6.58097229224713	4.673816873602e-11	1.99053796458124e-08
BVRB_2g028020	339.420645404522	-0.707276565742392	0.108364581147029	-6.5268241546817	6.71788371351234e-11	2.69539035206967e-08
BVRB_6g152140	120.734982622699	1.54692153835001	0.236951246997278	6.52843805615329	6.64590864532909e-11	2.69539035206967e-08
BVRB_7g167470	494.117274582825	-0.482860075212492	0.0739868408526519	-6.52629669881607	6.74157149974039e-11	2.69539035206967e-08
BVRB_2g028270	1197.43936772695	-0.483779231528156	0.0747961633306578	-6.46796854257714	9.93291684664009e-11	3.89191547885052e-08
BVRB_3g070220	278.017699536392	0.657735035516015	0.102158832332373	6.43835702209357	1.20773651866526e-10	4.63936590924923e-08
BVRB_7g169520	397.794392577858	0.662814180797318	0.103591965371804	6.3983164950911	1.57099395162933e-10	5.91871971276348e-08
BVRB_5g120360	697.311344596784	0.235730031354684	0.0371905139180188	6.33844511733065	2.32095486039057e-10	8.5792125792286e-08
BVRB_9g224210	17113.6462349334	0.303592844872148	0.0483805316287159	6.27510353135419	3.49401718572607e-10	1.26761649417703e-07
BVRB_8g198680	5561.01059500775	-0.404508659487013	0.0647578605263732	-6.2464796736494	4.19806621781991e-10	1.49535118678745e-07
BVRB_009570	181.048641890957	1.99591357107428	0.32074746201759	6.22269482202425	4.88687373617734e-10	1.70962041724018e-07
BVRB_9g217440	10903.6496559038	0.579420712359086	0.0933319322218596	6.208172257505	5.36043761786049e-10	1.84239181353517e-07
BVRB_4g081210	289.334430755294	0.564202604924816	0.0923313433562012	6.11062922314692	9.92390845017065e-10	3.34858437832077e-07
BVRB_7g168720	130.858103969547	0.996965482083	0.163221132563007	6.10806619478732	1.0084553025416e-09	3.34858437832077e-07
BVRB_3g051050	297.35220140232	1.68886310987617	0.279034047848246	6.05253417244143	1.42584738720355e-09	4.5822773274602e-07
BVRB_3g068810	225.766854890683	-0.581229918340746	0.0960324927989368	-6.05242977038685	1.42677207378425e-09	4.5822773274602e-07
BVRB_4g088470	117.056866787483	-0.693223401566311	0.11469370332018	-6.04412780735752	1.50220399221844e-09	4.74672232444378e-07
BVRB_2g041900	1081.57013418109	-1.34492780303394	0.223934977169854	-6.00588536918829	1.90290605475921e-09	5.91743373314091e-07
BVRB_6g154770	799.659590486898	1.69092241049974	0.283302393010769	5.96861322818218	2.39278567708562e-09	7.3245412812163e-07
BVRB_008020	582.971307478121	0.414385661134581	0.0697853741525654	5.93800156790229	2.88517284624503e-09	8.69591095858252e-07
BVRB_1g011840	2621.86436398409	0.723078123983762	0.122021610302286	5.92582020670331	3.1074243125257e-09	9.22387116768045e-07
BVRB_4g077040	248.469744436248	0.755108458720993	0.127743950520682	5.9111093374143	3.39811369878174e-09	9.93618589146762e-07
BVRB_3g052460	182.252582290603	-0.577729392990301	0.0981696912083856	-5.88500774402916	3.98035354841294e-09	1.14675156421997e-06
BVRB_7g174240	523.013488007493	0.586554955213387	0.0999468313167047	5.86866984661826	4.39305222978005e-09	1.24730849613943e-06
BVRB_5g124310	297.738697983402	-0.481352907410851	0.0823316485080181	-5.84651122786608	5.01989701208941e-09	1.40492574805491e-06
BVRB_1g021950	77.8215372334295	0.880780509794553	0.150932467057003	5.83559340789087	5.35994582887385e-09	1.47896758779532e-06
BVRB_9g214040	654.951322767979	0.573450030141195	0.0986085460100375	5.81541918367625	6.04821287943353e-09	1.64570192390253e-06
BVRB_4g077680	988.82107401521	-1.05415333833875	0.183463310668571	-5.74585367775843	9.14583717912996e-09	2.4544670709087e-06
BVRB_4g076610	828.663391294078	-0.576975029501732	0.102823231320735	-5.61132948352871	2.00778067194997e-08	5.31546366813133e-06
BVRB_4g096680	707.668868021704	-0.663965015569217	0.118884922597274	-5.58493878839807	2.33782541180613e-08	6.10671168569251e-06
BVRB_6g156050	193.23691487446	1.52840242038484	0.274938605529	5.55906805973678	2.71218928250225e-08	6.99138160967127e-06
BVRB_6g144670	37.478618340591	1.57986196526265	0.285981618426	5.52434794221382	3.30711506579805e-08	8.41424561740904e-06
BVRB_8g185580	10.8065155334762	2.76170777811858	0.508690441040777	5.42905381211438	5.66536016127791e-08	1.4229496271743e-05
BVRB_7g177600	255.93934962539	-0.671136160631988	0.125294202074452	-5.35648217970361	8.48578652444026e-08	2.10436764304189e-05
BVRB_4g096770	253.547535087627	0.463090674726545	0.0870656832686458	5.31886568095554	1.04416182512477e-07	2.55702178950243e-05
BVRB_7g179580	382.270806095406	-0.394328194191469	0.074420323332945	-5.29866273796347	1.16653878392021e-07	2.82143966861491e-05
BVRB_7g156570	1170.34089741279	0.527544385754311	0.0996996617110798	5.29133576484025	1.2142620351423e-07	2.90104969883816e-05
BVRB_6g132200	1238.96145770231	0.326755949956823	0.0618657045530902	5.28169770824183	1.27992259790671e-07	3.02107995368559e-05
BVRB_6g146750	291.742897856477	-0.558630514659452	0.105841888564185	-5.27797190920949	1.30621482569437e-07	3.04643507740219e-05
BVRB_2g030250	308.192896153497	-0.496848562282818	0.0953527747285063	-5.21063559710216	1.88194774046567e-07	4.33755743334859e-05
BVRB_7g171610	10214.8918461214	-0.300486326512779	0.0578069797954056	-5.1980976618443	2.01338347385313e-07	4.58653437630893e-05
BVRB_3g049910	272.490788103342	0.418545282097535	0.0808088762142188	5.17944688387944	2.22544766156538e-07	5.01135001583073e-05
BVRB_1g004720	173.316508840253	0.976240254253324	0.189199521823009	5.1598452514408	2.47154046592698e-07	5.50226696226994e-05
BVRB_3g053060	53.4695755840759	-6.21443126077694	1.20592915211603	-5.15323080951528	2.56036511099336e-07	5.63596774038999e-05
BVRB_7g170140	94.29592030554	1.61740223670104	0.316705083395987	5.10696645395725	3.27371838979766e-07	7.126157441614e-05
BVRB_7g157360	1557.80554023419	0.317632950827298	0.0624683997791054	5.08469805454406	3.68211366986906e-07	7.92706471498954e-05
BVRB_8g191860	2248.73192131465	-0.240474313747055	0.0475637085904652	-5.05583607488632	4.28509291782226e-07	9.12491906011477e-05
BVRB_2g036610	4723.2224657504	0.437336275084731	0.0867523339331068	5.04120471758089	4.62610250868332e-07	9.74515852124893e-05
BVRB_9g209610	120.578371781149	-0.813336583828693	0.161427427751287	-5.03840391412175	4.69429979869026e-07	9.78361993150436e-05
BVRB_2g035370	31.7915005854182	1.72311358839684	0.34230558519301	5.03384596376148	4.80736008987316e-07	9.91378858112685e-05
BVRB_3g049160	11.7028864524739	1.89244832194196	0.380288162039594	4.97635348887071	6.47932765293043e-07	0.00013222552921725
BVRB_5g120590	611.795156697377	0.675137768900917	0.136572466991564	4.94343979993143	7.67560593059707e-07	0.000155023500810647
BVRB_5g124330	465.228559388183	0.531963499249804	0.107885220001252	4.93082833073547	8.18816679587794e-07	0.000163688138467392
BVRB_5g100020	3540.20386290542	-0.436674507635602	0.0893141540906556	-4.88919715001016	1.01248056845001e-06	0.000200358654712164
BVRB_4g095650	665.399403750814	-0.225080030708646	0.0461208664835544	-4.88022120722524	1.05966915440685e-06	0.000207599784039847
BVRB_7g177030	2743.05031925186	0.509247995110564	0.10595813822709	4.80612441508872	1.53884157793881e-06	0.000298489557954448
BVRB_3g062100	264.271168412914	-0.473396412900611	0.098579324144018	-4.80218764950153	1.5694151305468e-06	0.000301435410024924
BVRB_4g079050	5950.59591178899	-0.204980690075765	0.0429717631073359	-4.77012519974476	1.84111451160713e-06	0.000350187130066944
BVRB_9g216800	36.5228506417407	2.09662292745698	0.441030743809962	4.75391558725529	1.99514365452467e-06	0.000375835185921085
BVRB_4g094250	578.369022172268	-0.786814207872284	0.166159206284216	-4.73530311962633	2.18727944852337e-06	0.000408104682628774
BVRB_7g163960	457.16099564741	-1.03623014349249	0.219745329725747	-4.71559575252752	2.41004518035444e-06	0.000445426369135131
BVRB_6g130520	660.165799118382	-0.303105262682189	0.0643818747314338	-4.70792849612688	2.50246845367591e-06	0.000458185602579109
BVRB_6g133150	130.303258576293	-0.739390769239501	0.157333874508725	-4.69950143634515	2.60797388163554e-06	0.000473081632547424
BVRB_2g036360	2016.36884846678	-0.551915178801496	0.118590651497842	-4.65395182361013	3.25632917303467e-06	0.000585272888338736
BVRB_9g206090	3494.26710304281	0.182051979872612	0.039228118412764	4.64085424534092	3.46971806776105e-06	0.000617956787868243
BVRB_1g010940	36.2959535429013	-1.40133289801477	0.302332124769589	-4.63507772812015	3.56803383555054e-06	0.000629741899750187
BVRB_3g049310	154.494216179464	-0.54587178733005	0.117952039712633	-4.62791307941737	3.69368972548644e-06	0.000646098887607186
BVRB_3g066760	3450.70434184094	0.217007759395592	0.0470052263971944	4.61667299635738	3.89940975817735e-06	0.000676047226304888
BVRB_7g179910	3133.36945390615	-0.326304237420766	0.0711284855242003	-4.5875324775437	4.48515670426276e-06	0.000764075695593145
BVRB_8g182620	1393.57062078075	-0.350150367719752	0.0763016313835502	-4.58902858786373	4.45313446711713e-06	0.000764075695593145
BVRB_9g222890	446.515769576296	0.710021353450293	0.155287958018595	4.57228855675512	4.82425947532419e-06	0.000814759201561002
BVRB_5g104410	589.815256583339	0.344530717782631	0.0755304847499538	4.56147897002398	5.07945643120552e-06	0.000850526760202968
BVRB_1g007020	1412.11871044372	0.41558921024001	0.0912766276233985	4.55307367352248	5.28677481642602e-06	0.000877739029055951
BVRB_4g083130	1058.99461212634	-0.386815684142231	0.0851194190732878	-4.54438820604712	5.5095038062078e-06	0.000907031000566529
BVRB_9g205500	45.5086612349805	-4.54554403680676	1.0039944407741	-4.52745936850213	5.96970748061541e-06	0.000974604493772805
BVRB_4g084680	247.385362163548	-0.491827330047954	0.110065015543555	-4.4685164274867	7.87639647148881e-06	0.00127526019233832
BVRB_7g169590	2218.14903833085	0.415840936749851	0.0934670764758349	4.44906326836234	8.62456100242377e-06	0.00137368922437792
BVRB_9g214860	2173.39597727466	-0.526238777987064	0.118269663305578	-4.4494823378959	8.60775078833852e-06	0.00137368922437792
BVRB_1g008740	1422.40412173746	-0.760981799701199	0.171535401438605	-4.43629590929407	9.15200217615018e-06	0.00144594253736257
BVRB_9g205860	5796.14024553941	-0.381828259709932	0.0861091061691247	-4.43423787212461	9.23985640958063e-06	0.00144814421536075
BVRB_6g140590	22038.9508978518	-0.351511182552792	0.0795877003506357	-4.41665208322587	1.00241380329592e-05	0.00155859435082305
BVRB_5g118040	1530.52227912325	0.28752611726107	0.0652948266757993	4.40350532958284	1.06515665949077e-05	0.0016431089855184
BVRB_9g222020	71.925317518459	1.84016986547207	0.419891730176091	4.38248656314416	1.17332404604093e-05	0.0017958274520303
BVRB_2g041330	1185.37965431764	-0.410910919289624	0.0940118088131554	-4.37084366822782	1.23767385736116e-05	0.00187963322012112
BVRB_9g213160	2737.06810005028	-0.321425533971569	0.0737970197627695	-4.35553542683478	1.32742044884704e-05	0.00200042261641249
BVRB_6g138110	1197.03641685773	0.229132299785833	0.0529659832843507	4.32602749118664	1.51822482884579e-05	0.00227049943678762
BVRB_006940	86.0162305094506	0.644448519865372	0.149062901117079	4.32333273427437	1.53689670477436e-05	0.00228101085933595
BVRB_012950	388.709868504507	0.305874885291544	0.0710781590835873	4.30335969917056	1.68227394793017e-05	0.00247800217397744
BVRB_8g196260	89.6646971364639	1.02399060479048	0.238577867881088	4.29206034023598	1.77022824558187e-05	0.0025881001163578
BVRB_8g184620	217.096889861017	-0.669249257977351	0.156518845359706	-4.27583819979828	1.90419486992534e-05	0.00276333938494129
BVRB_8g180980	864.243981048132	-0.311377285484861	0.0731832122995528	-4.25476384133473	2.0926976788733e-05	0.00301456178138285
BVRB_7g179920	41.2331965266442	-0.874698817114286	0.206466417015351	-4.23651860558635	2.270121180346e-05	0.00324627328789478
BVRB_9g213340	69.8486126381654	-4.2635188464394	1.01014690196737	-4.22069189950068	2.4355362469493e-05	0.00345757902999882
BVRB_7g159420	295.349292851006	-0.916096581061765	0.217576003131158	-4.21046699947663	2.54843348936344e-05	0.00359182449569203
BVRB_5g121670	1722.02285839893	0.299591606072792	0.0713243335413119	4.20041227443457	2.66429386470245e-05	0.0037183516019632
BVRB_6g155210	246.459875137121	0.408370293761738	0.0972447842956798	4.19940562076891	2.67616546310454e-05	0.0037183516019632
BVRB_5g118060	47.2757339363947	1.09892354851187	0.262231709211327	4.19065852797488	2.78145998217908e-05	0.00383743538808946
BVRB_1g002120	506.352262224581	-0.439886704488693	0.105061580731589	-4.18694161486601	2.82738518888868e-05	0.0038735177087775
BVRB_4g081790	53.4860502624836	-5.84816511463594	1.39817301939615	-4.1827191867582	2.88043089816076e-05	0.00391878623096302
BVRB_5g122370	24.8419728764657	-2.7506346764436	0.658211959342084	-4.17894970974547	2.92858430041951e-05	0.00395682034686336
BVRB_3g061280	63.2240519770296	0.758696531093618	0.18165695633856	4.17653442172404	2.95983970385765e-05	0.00397165887933392
BVRB_6g148990	111.85344770678	0.75050350015111	0.180764646009657	4.15182679090366	3.29831861049768e-05	0.00439573876858913
BVRB_3g052110	369.217922217459	0.288683879737123	0.0698600144483212	4.13231921030701	3.5912121054407e-05	0.00475374569984383
BVRB_7g172810	1316.49288118853	-0.583874675977791	0.141426759813486	-4.12845968293274	3.65201457001733e-05	0.0048017864054503
BVRB_1g012240	1513.55884617874	0.208503728962442	0.0505627018731636	4.12366667994666	3.72888397213041e-05	0.00487017105986712
BVRB_1g006500	981.358007951572	-0.203014330086447	0.0492629067548239	-4.12103839298048	3.77168558512493e-05	0.00489344982107169
BVRB_004330	846.165104618093	0.298415043593561	0.0724479734807662	4.11902540894103	3.80478195466749e-05	0.00490391337328229
BVRB_6g137740	17.8360140420251	-4.41957048029187	1.07367546261354	-4.11630016162775	3.8500284322782e-05	0.00492979784423283
BVRB_9g223970	1884.21000515078	-0.275350081055471	0.0669271997642243	-4.11417304213373	3.88569877780336e-05	0.00494316394519127
BVRB_8g198930	1627.24123399232	0.386850574306408	0.094146789830159	4.10901502859829	3.9735022037421e-05	0.00502225043054913
BVRB_6g152880	3960.10050837136	0.485857941221929	0.118448485341277	4.10185018256721	4.0985962915744e-05	0.00514715384283552
BVRB_4g074160	430.545226248231	0.3642641597752	0.0891063096486068	4.08797268354717	4.35159378196622e-05	0.00543006839378983
BVRB_5g114310	580.902495437506	-0.863035121119591	0.21246778634981	-4.06195751340243	4.86629351080256e-05	0.006033895960135
BVRB_1g008060	3943.67453759379	-0.167051190087212	0.0412555379050591	-4.04918220849877	5.13969181268018e-05	0.00630894030314278
BVRB_2g024080	109791.945144766	-0.24920695972709	0.0615538808703483	-4.04859866191049	5.15252130316392e-05	0.00630894030314278
BVRB_1g000050	8794.10829531363	-0.264047267501331	0.0652494949861987	-4.04673273804159	5.19374832194792e-05	0.00631992070653923
BVRB_8g192260	264.09178195559	-0.330813101285901	0.0821396011261534	-4.02744957061363	5.63851560356951e-05	0.00681877525861298
BVRB_2g025750	66.0928710854264	-1.53210271507059	0.382379440195044	-4.00676018116742	6.15573091923742e-05	0.00739858432139756
BVRB_6g143910	3451.84648485915	0.368689667140697	0.0926134297192652	3.98095252770887	6.86396578943389e-05	0.00819950937687801
BVRB_002140	280.312845124078	-0.28432337383684	0.0715144528644934	-3.97574703361822	7.01586724440249e-05	0.0082156257004679
BVRB_2g034040	994.866984611194	-0.247093897030119	0.0621112240080832	-3.97824871391943	6.94247307044595e-05	0.0082156257004679
BVRB_5g103270	1355.50604254241	0.306502412363192	0.0771122947929731	3.97475413208844	7.0451999268981e-05	0.0082156257004679
BVRB_5g119570	454.592370152093	0.792809532469473	0.19936141511941	3.97674510884972	6.98649818572241e-05	0.0082156257004679
BVRB_2g044620	738.875463530321	0.410863760508599	0.103576942637911	3.96674925948446	7.28595724688733e-05	0.0084461058238917
BVRB_3g058820	142.900196693687	0.537747969428899	0.135851477924211	3.95835200062305	7.54686812493819e-05	0.0086605189220342
BVRB_5g110610	1165.57929402642	-0.789918520787374	0.199577299189398	-3.95795776371211	7.55933201810958e-05	0.0086605189220342
BVRB_1g015920	589.713514816792	0.416878120077093	0.105518885113694	3.95074416895058	7.79085692844431e-05	0.00879200561136305
BVRB_5g107980	495.702657613725	-0.487782601904689	0.123483149902255	-3.95019565253076	7.80873348158425e-05	0.00879200561136305
BVRB_7g180370	153.49665239882	0.428917854160021	0.108555974596789	3.95112158269646	7.77857921528871e-05	0.00879200561136305
BVRB_003330	23.8883847780928	-2.00572175193087	0.507965679085579	-3.94853793181756	7.86299581706523e-05	0.00880251148869285
BVRB_8g194320	2241.94975281892	-0.193916636231992	0.0491290941397585	-3.94708348744135	7.91089769236844e-05	0.00880581799381762
BVRB_4g096570	1922.87741668037	0.152168682933949	0.0385917164861275	3.94304003007093	8.04552200154142e-05	0.00890507466283604
BVRB_6g134640	3559.28403518784	-0.578607161497796	0.146834007702332	-3.94055280892946	8.12940512420019e-05	0.0089473694263037
BVRB_4g084750	90.2391349813146	-0.600314484897626	0.152395503220829	-3.93918765455788	8.17579652124472e-05	0.00894815808087739
BVRB_3g063140	2381.00967613575	-0.197712083827984	0.0503439974271732	-3.92722258724073	8.59324474099544e-05	0.00934226701648513
BVRB_9g220050	204.069197640126	0.531612849502239	0.13540273330249	3.92616039969161	8.6312609360615e-05	0.00934226701648513
BVRB_4g071260	188.589478008059	-0.67037272418799	0.170904431856216	-3.92250052796749	8.76347012771359e-05	0.0093817018181441
BVRB_5g101750	808.047169673088	-0.882189226479068	0.224869862499222	-3.92311008987307	8.7413183262841e-05	0.0093817018181441
BVRB_1g004070	382.401389329638	0.256646612539673	0.0655765263499657	3.91369636095108	9.08939206184313e-05	0.00962442877626962
BVRB_1g005600	2650.33675190025	0.508266110160931	0.129884873155706	3.9132048083199	9.10792223259012e-05	0.00962442877626962
BVRB_4g078290	104.628378454311	0.54846476553548	0.140185555046498	3.91241997332435	9.13758232038257e-05	0.00962442877626962
BVRB_2g027410	627.79498761413	-0.422943184243771	0.10844377004772	-3.90011509243599	9.61469708121508e-05	0.0100728091186141
BVRB_4g071330	345.751472660165	-0.426064393221305	0.109344292560717	-3.89653984897949	9.75767588767468e-05	0.0101682249103955
BVRB_2g032680	1671.34925652569	-0.221730286990119	0.0569932142580555	-3.89046818777691	0.000100050993603572	0.0103708942628972
BVRB_2g023800	4.63345030651784	2.23083853924563	0.575783037486181	3.87444296550533	0.000106868867862951	0.0110193052121214
BVRB_2g032580	78.1453427996931	-3.13119203343349	0.810952014215537	-3.86113108857915	0.000112863325959999	0.0115161740566788
BVRB_5g109050	187.043983977269	-0.556196490452138	0.144044386733597	-3.86128542086682	0.000112792046562038	0.0115161740566788
BVRB_1g001840	24.9953317457139	-1.11820123777838	0.290022801737122	-3.85556318703495	0.000115463501054578	0.0117113113508859
BVRB_3g056650	260.554333945787	0.441348246298204	0.114502384793579	3.85448955577521	0.000115971333881469	0.0117113113508859
BVRB_2g024200	1380.1462906794	-0.294412147194939	0.0765157569330187	-3.84773227104928	0.000119216231334539	0.0119772573747433
BVRB_7g157060	43.3494535785624	-8.81463819432247	2.29194786114773	-3.84591567013589	0.000120103068065985	0.0120047918697995
BVRB_9g214430	1474.97133024871	0.256520562148673	0.0668705515512053	3.83607666152186	0.000125015399106458	0.0124323689537798
BVRB_3g057190	1305.26121169106	-0.278135360469031	0.0726327166928207	-3.82933990539449	0.000128487437804525	0.0127131181516589
BVRB_2g047920	448.322944237437	-4.5797421965959	1.19808572987777	-3.8225496576636	0.000132078869113466	0.0127964682302542
BVRB_5g100820	410.404667456408	-4.17592692988221	1.09272068542623	-3.82158678386631	0.000132595735324465	0.0127964682302542
BVRB_5g104140	149.121437839853	-0.392417376401276	0.102630996450788	-3.82357562502516	0.000131530224028175	0.0127964682302542
BVRB_6g133130	230.670973390089	-0.510266064394106	0.13352177837276	-3.821594279321	0.000132591704448849	0.0127964682302542
BVRB_6g147460	561.325736538299	0.238969733322001	0.0624545117831875	3.82630055858239	0.000130083449687964	0.0127964682302542
BVRB_3g052450	169.356525381292	-0.672083880717098	0.175997513366136	-3.8187123662306	0.000134150069561294	0.0128830098665456
BVRB_1g004050	526.204040094791	-0.7515602659129	0.197043076164735	-3.81419271634072	0.000136628821059114	0.0129308948471937
BVRB_7g157640	187.455568401101	-0.328831858124625	0.0861867535630203	-3.81534104175511	0.000135994977926485	0.0129308948471937
BVRB_9g217930	34.8828048301771	-0.879662184175273	0.230492169413018	-3.81645149340849	0.000135384675529496	0.0129308948471937
BVRB_3g054740	124.736846779225	0.746465000085325	0.196265311373388	3.80334657643705	0.000142754418344362	0.0133831306706622
BVRB_9g202640	378.996468043656	-0.506417390194303	0.133151626125099	-3.80331359767632	0.000142773432196845	0.0133831306706622
BVRB_7g178650	12.447374863507	-1.48366315886356	0.390496250616586	-3.79942997281251	0.000145029283940511	0.0135298509603741
BVRB_1g000370	8439.67893349172	0.433720873676519	0.114357251412672	3.79268361488845	0.000149027980941146	0.0138370008275734
BVRB_1g006480	239.198732000318	0.4060873926615	0.107185110820523	3.78865487522306	0.000151465156702002	0.0139601080903428
BVRB_1g007160	4700.36190460714	0.966402813100425	0.255112718431821	3.78814046998874	0.000151779032374204	0.0139601080903428
BVRB_3g051020	392.51080153845	-3.46477255428519	0.917271808673427	-3.77725830176336	0.0001585642595779	0.014516039296218
BVRB_2g027230	3177.68519468703	-0.440161327737773	0.11679278971666	-3.76873716952567	0.000164075541422635	0.0149507159628411
BVRB_4g075180	851.964421745639	-0.401135933666273	0.106561689186947	-3.7643541194485	0.000166980114106184	0.0151449417382141
BVRB_3g066580	67.2086249600936	-1.14326790939166	0.303889049510237	-3.76212275906029	0.000168477313542516	0.0152103182009743
BVRB_9g213820	701.03015449447	0.312385197261834	0.0830675552952665	3.76061623760865	0.000169495291471435	0.0152320286936554
BVRB_4g078660	889.330897738709	0.250416689003752	0.0666748451994094	3.75578958233517	0.000172795830665588	0.0153874687207706
BVRB_5g106050	819.560509029817	-0.297063181170636	0.0790907254451122	-3.75597997740953	0.000172664498469892	0.0153874687207706
BVRB_2g032210	138.127669394985	-0.393388338600526	0.104856284432384	-3.75169061854562	0.000175646132590436	0.0155705130478698
BVRB_3g068800	217.287254768019	-0.417013962202819	0.111664505682846	-3.73452566375246	0.00018806931357328	0.0165966933433069
BVRB_6g151040	250.529841872424	0.378038221055391	0.101449851393189	3.72635559208687	0.000194268288168798	0.0169906697924773
BVRB_7g177070	171.514765060747	-0.673267679501107	0.180636367162519	-3.72719895819962	0.000193619613675175	0.0169906697924773
BVRB_7g171270	4551.09516126251	-0.238242295539247	0.0640098426932713	-3.72196345928986	0.000197679634814082	0.0172121854473008
BVRB_9g204230	507.395717458093	-0.38767988614837	0.104379470058519	-3.71413924530391	0.000203896507457811	0.0176749401663981
BVRB_2g025170	126.803615698083	-0.806216513618799	0.217252815822775	-3.71096001939267	0.000206474715670693	0.0178195865846016
BVRB_5g100880	243.00213358271	-0.49558563584831	0.133930389345489	-3.70032252030485	0.000215325629855662	0.0184759960995187
BVRB_8g192010	19997.1855520596	-0.449369109209586	0.121465288757789	-3.69956811369923	0.00021596667381909	0.0184759960995187
BVRB_9g206310	994.20223473536	-0.141905282686245	0.0385222255485296	-3.68372493192211	0.00022985027269226	0.019578246488322
BVRB_4g087880	696.591558826873	-0.521828481710029	0.141848309679964	-3.67877828708265	0.000234353883846383	0.0198754412919242
BVRB_4g078380	421.54272363854	0.376020176403084	0.102296370059904	3.67579197759303	0.000237112678729598	0.0200227348663429
BVRB_3g053700	47.5084342493525	-0.569516528740341	0.155080296765107	-3.67239772311604	0.000240285329945714	0.0202035617981394
BVRB_5g114620	1868.54139533909	-0.254174131430391	0.0693026996214318	-3.66759351105837	0.000244844018789141	0.0204988853508464
BVRB_6g145060	1654.08464943634	-0.20781599468375	0.0567774565671723	-3.66018499680215	0.00025203321965563	0.0210109906649934
BVRB_4g081590	625.214361076518	-0.327048225768168	0.0895617411781036	-3.65165104503491	0.000260559777075135	0.0216297736977923
BVRB_8g183460	1343.61440135737	0.454107506771372	0.124513649099927	3.64705002266004	0.000265268297227938	0.0219277266286605
BVRB_011310	628.874285243545	-0.224999279822572	0.0619948108161888	-3.62932440409703	0.000284163951861732	0.0233822393435899
BVRB_1g018940	194.704283070034	-0.425478177825183	0.117265294444313	-3.62833845974127	0.000285251146093512	0.0233822393435899
BVRB_6g153180	546.278624320136	0.190624442992844	0.0527024097971677	3.61699671279716	0.000298041087359881	0.0243288455936142
BVRB_6g150870	283.339134052523	-0.398015897332988	0.110283022783321	-3.60904051492123	0.000307331613614633	0.0249831271465738
BVRB_4g079640	35941.3404381198	-0.231513891276511	0.0642192203437381	-3.60505608815112	0.000312085519641051	0.0252647413854869
BVRB_2g024230	870.956272739749	0.572084316164144	0.15890324921428	3.60020527580711	0.000317966055792734	0.0256348683087879
BVRB_1g016440	1617.59273789245	0.40729376292097	0.1131865390905	3.59842933792075	0.000320144806472234	0.0257047414081866
BVRB_4g088640	1826.32624127018	-0.367968302155476	0.102395645193445	-3.59359327694368	0.00032614881559466	0.0260799242706734
BVRB_5g121090	788.061480925785	0.229012204386458	0.0638292126083001	3.58789016859465	0.000333364653615795	0.0265485647519799
BVRB_002210	4.80103155145986	3.34376764156066	0.932465238657461	3.58594347857399	0.000335861703915957	0.0266391362000709
BVRB_1g002700	946.847407999658	0.163100627015252	0.0455598862566848	3.57991734431341	0.000343702907895526	0.0270421030866717
BVRB_8g194100	121.022427999928	0.817695982509628	0.228372315666711	3.5805389988819	0.000342886158901639	0.0270421030866717
BVRB_1g005220	14.3895655107134	0.968803562037375	0.271008160651763	3.5748132443962	0.000350477977428743	0.0273554344852849
BVRB_3g070150	693.763684320974	0.216786756695255	0.0606360774433701	3.57521076289472	0.000349945867521283	0.0273554344852849
BVRB_2g029870	1855.39817723197	-0.569666259701862	0.159521977077626	-3.57108324594455	0.000355507871800849	0.02763791554147
BVRB_2g040530	393.061736552506	-0.995843447552724	0.279064876538153	-3.56850156102169	0.000359028715127305	0.0276918565277915
BVRB_6g155290	126.482685467389	-0.482520519598113	0.135191569060871	-3.56916132381638	0.000358125856867286	0.0276918565277915
BVRB_4g090250	55.8681142476769	-2.7246094585903	0.764133113526551	-3.56562150018071	0.000362994942726361	0.0278879761684397
BVRB_3g049650	771.600184172101	-0.608399772094138	0.171035668604911	-3.55715142377424	0.000374898075390497	0.028597298180715
BVRB_3g068460	3801.01256046306	0.380183343252593	0.106935417541195	3.55526122209355	0.000377603739752333	0.028597298180715
BVRB_4g071450	1287.80498604934	-0.198767546714127	0.0559263971678378	-3.55409174879647	0.00037928687050991	0.028597298180715
BVRB_4g075330	7626.12024986971	0.269238539061795	0.0757580629403022	3.55392586098666	0.000379526186870803	0.028597298180715
BVRB_6g155350	688.974082768116	0.205461119714415	0.057793810111385	3.55507137041897	0.000377876502770808	0.028597298180715
BVRB_9g216270	378.694351553415	-0.416686911366148	0.117340100017184	-3.55110410938056	0.000383618638662771	0.0287949147511201
BVRB_6g131220	1884.54344305001	-0.282261880998329	0.0795369970154552	-3.54881239661941	0.000386972673784274	0.0289358078324722
BVRB_9g223800	4162.80497529283	-0.231060865599526	0.0652337933983985	-3.54204245318652	0.000397041568493037	0.029575822693335
BVRB_4g073320	369.017640252254	-0.34932368171116	0.0987105013808182	-3.53887050338741	0.000401842928449378	0.0298200939820142
BVRB_5g100890	37.4714085106103	-0.73679080377288	0.208534026956694	-3.53319223018644	0.000410573821311733	0.0303530254087478
BVRB_004790	1106.32488648439	0.318144714163794	0.0900912145465728	3.53136225063686	0.000413425132823229	0.0304489164554131
BVRB_2g035700	804.380957134423	0.299807583569154	0.0850171640701187	3.5264359479444	0.000421193032583991	0.0307895250050484
BVRB_9g222030	51.1329888070565	1.06497954479283	0.301977783197378	3.52668177611179	0.000420802196583161	0.0307895250050484
BVRB_2g024040	3083.2209990971	-0.520732173732635	0.147796448520216	-3.52330640516986	0.000426198331319421	0.0310395966872817
BVRB_2g047040	1724.84179485257	-0.298893323887542	0.0855372521871665	-3.49430588714172	0.000475296104470502	0.0343598744748399
BVRB_3g068380	77.6035318283541	0.55368116258566	0.158428330948135	3.49483680899801	0.000474351690638202	0.0343598744748399
BVRB_3g050950	2635.05747006418	-0.353416632728873	0.101302620353757	-3.48872153054595	0.000485336471811435	0.0349567162472714
BVRB_3g065660	466.757742166993	-0.204068921993452	0.0585741515946686	-3.48394157555372	0.000494087330462387	0.0354566479527056
BVRB_2g043450	51.1309867026529	0.618608036007609	0.177770186612694	3.47981879186168	0.000501753028573866	0.0358753415430314
BVRB_1g015680	618.427563967934	-0.36547066221272	0.105168690585409	-3.47508997381609	0.000510682034373395	0.0363809881287607
BVRB_8g199340	798.107354098966	-1.11451274739421	0.321167782804405	-3.47018850291393	0.000520093217731243	0.0369171964803362
BVRB_6g155300	16.8021855344756	-3.65339781785238	1.05709216746634	-3.45608257282705	0.000548087393263507	0.0387638271531602
BVRB_8g191980	2142.73539902023	-0.428460068897442	0.124024443252448	-3.4546421468333	0.000551023660866512	0.0388313112950929
BVRB_2g036600	26.1637529410821	0.867491178764196	0.251219034477032	3.45312679260181	0.000554128479289488	0.0389101470887468
BVRB_7g180060	1150.10701534101	0.180636887407584	0.0523364497135386	3.45145473940805	0.000557573265209472	0.0390122065668528
BVRB_007210	369.957455032469	0.299235665298751	0.0867666381116155	3.44874103470297	0.000563206558966863	0.0391630061084801
BVRB_8g198640	730.954961447592	-0.430636085625993	0.124876644957001	-3.448491795838	0.000563726594997263	0.0391630061084801
BVRB_5g110840	245.989569172781	0.317796297323686	0.0922138696098796	3.44629607962616	0.000568327310877857	0.0392045786880567
BVRB_7g158070	2892.40449657026	-0.238294901783396	0.069140322929917	-3.4465401908079	0.000567814099010674	0.0392045786880567
BVRB_6g149800	498.95550068482	-0.464320275389298	0.13508145291319	-3.43733551405975	0.000587467410060415	0.040316153406661
BVRB_9g208080	525.398606780405	0.450162963696726	0.130981889469418	3.43683363799567	0.000588556984038846	0.040316153406661
BVRB_8g186080	9.97639622906444	-1.23714597472778	0.360154959460391	-3.43503800858764	0.000592470724250954	0.0404428360933813
BVRB_6g127820	202.55773243983	-0.412951861691425	0.120338983491796	-3.43157179584766	0.000600094262655071	0.0408209954849844
BVRB_9g209140	55.3504135855617	-0.616708401151683	0.180068875633104	-3.42484729236743	0.000615145074563388	0.0417000247604544
BVRB_5g109770	238.625905648157	0.322802393368676	0.0943737931308921	3.42046645217453	0.00062513845574989	0.0421986615804736
BVRB_9g222330	251.062056203989	-0.376206578273288	0.110010267705862	-3.41974059438855	0.000626808765245155	0.0421986615804736
BVRB_6g154950	3864.36474142283	-0.201162629803619	0.058840456251341	-3.41878093100331	0.000629023471013154	0.0422027356870503
BVRB_013350	1921.64732290434	0.197857411339075	0.0579018723475217	3.41711594664078	0.000632883192883328	0.0423167734872944
BVRB_003010	3130.61504755226	0.422051064127608	0.123850872877102	3.40773588690337	0.000655042636692033	0.0435014925268936
BVRB_8g199000	30.258094540383	-0.787675275222794	0.231142243402986	-3.40775127742235	0.000655005694384703	0.0435014925268936
BVRB_1g008430	93.9155593721861	-0.420742812980724	0.123544582812921	-3.40559499575823	0.00066020040198249	0.0436958989028343
BVRB_6g131710	912.311691157412	0.271554392760046	0.0800508622026091	3.39227317842925	0.000693152949930784	0.0457224223639528
BVRB_1g001800	417.394597846378	0.646109527248103	0.190788448129542	3.38652331198483	0.000707842623506878	0.0462244827904108
BVRB_7g157730	210.557453955509	0.407116350619857	0.120153292221079	3.38830791145343	0.000703252683031011	0.0462244827904108
BVRB_8g196380	429.006032676735	0.351220185163711	0.103691305972073	3.38717100600802	0.000706173563847588	0.0462244827904108
BVRB_4g089410	459.432646837895	0.366335345637275	0.108350552764848	3.38101962832001	0.000722173838993379	0.0470036799990674
BVRB_4g097290	986.533864841881	-0.333646773102632	0.0990394666746401	-3.36882643157513	0.000754889494088788	0.048862505743772
BVRB_5g101090	538.701451236757	-0.374993605866858	0.111352892695066	-3.36761440848921	0.000758215596248619	0.048862505743772
BVRB_5g122120	113.170731020828	0.513248079427988	0.152391063529634	3.36796704176935	0.00075724647915303	0.048862505743772
