gene_id	baseMean	log2FoldChange	lfcSE	stat	pvalue	padj
BVRB_012940	183.976379580463	1.38795002432886	0.109405909756349	12.6862436171855	7.04861062030834e-37	1.35720997494037e-32
BVRB_5g114270	961.0054562283	1.0829080133235	0.0912587153722863	11.86635171124	1.7702016658049e-32	1.70426165375367e-28
BVRB_7g177030	3170.59145701658	0.429045252294379	0.0423804639942925	10.1236563231625	4.33897174297359e-24	2.78489669703188e-20
BVRB_9g217450	26621.9981025926	1.00875199584216	0.103592714570392	9.7376731561244	2.0826847052132e-22	1.002552349972e-18
BVRB_1g012190	4409.914960728	0.917229605986056	0.0976239844326859	9.39553544465815	5.69275286039098e-21	2.19227912653657e-17
BVRB_4g077040	247.683340196868	0.765357358979131	0.0886145800894493	8.63692361016172	5.77469692490213e-18	1.61420372547699e-14
BVRB_6g140590	20698.5328759658	-0.322908043087486	0.0373948861457757	-8.63508560578848	5.8683074932947e-18	1.61420372547699e-14
BVRB_7g163960	451.514676327131	-1.18924712618412	0.139555523095077	-8.5216772493762	1.57259112193744e-17	3.3644713392117e-14
BVRB_7g173470	143.929973320731	1.30396411908021	0.153008665564825	8.52215862589668	1.56606699120245e-17	3.3644713392117e-14
BVRB_1g001980	4969.44116932461	-1.68562690063078	0.198486017773356	-8.49242137829341	2.02375711668272e-17	3.89674432817257e-14
BVRB_4g072140	190.286808553383	1.93250029797579	0.246473984481332	7.84058529358565	4.48451197492687e-15	7.1957731731014e-12
BVRB_6g144670	42.041098791512	1.44149222717898	0.183842543912164	7.84090666123342	4.47304848644186e-15	7.1957731731014e-12
BVRB_7g160420	56.0668815338805	-2.13305434621497	0.275843033323492	-7.73285560456208	1.05160554721918e-14	1.55758960090041e-11
BVRB_6g152140	140.713120130719	1.46722676530716	0.199567411064194	7.35203587340824	1.95210395296426e-13	2.68484011530905e-10
BVRB_2g028020	291.550765452533	-0.782353955616951	0.108253061374926	-7.22708388733071	4.93475307742644e-13	6.33457803372308e-10
BVRB_1g015930	216.525312599075	1.44944742362385	0.209066262930601	6.93295706014982	4.12133334891861e-12	4.95976710208924e-09
BVRB_6g155280	379.402495513056	-0.774181824254963	0.113589893262683	-6.81558721482927	9.38794987300027e-12	1.06332338120365e-08
BVRB_3g053350	81.5813790717479	-1.78265250636082	0.265373094391436	-6.7175329527994	1.84826977911191e-11	1.97713525537777e-08
BVRB_3g051050	308.056865125177	1.51488560527397	0.231644741263096	6.53969348500513	6.16450429026772e-11	6.247238426795e-08
BVRB_1g013940	64.2163423776358	-0.9172170751232	0.142439823483174	-6.43933032696821	1.20001779261859e-10	1.15531712984355e-07
BVRB_2g028270	1427.76629985016	-0.434955284776141	0.0689247809165923	-6.31057914137575	2.77993210480673e-10	2.54893298466922e-07
BVRB_4g097290	946.680209823798	-0.310982727731243	0.0495710788570138	-6.27347104202155	3.53086621985675e-10	3.09031041197008e-07
BVRB_8g192010	18407.8622535016	-0.627483001317845	0.100879830695189	-6.22010363215021	4.96826623653185e-10	4.15930288627917e-07
BVRB_7g169350	364.994837437924	0.984903080166708	0.162082807655853	6.07654256741363	1.22801416988574e-09	9.85225535047911e-07
BVRB_5g114310	295.07647985771	-1.17702789395842	0.196643187765399	-5.98560218298863	2.15590721050315e-09	1.66047973352953e-06
BVRB_7g174240	547.226251071376	0.520098747156803	0.0888568673036166	5.85321948589149	4.82147150801229e-09	3.57067053410679e-06
BVRB_3g057500	1415.89622087714	-0.864072625110841	0.1510067588941	-5.72207914029074	1.0522826698492e-08	7.50433437331345e-06
BVRB_7g171270	4435.64532268605	-0.239380649748638	0.0425558415506989	-5.62509495819632	1.85405955443883e-08	1.27499702573999e-05
BVRB_006460	2344.0000478215	0.984761366393619	0.175627188886066	5.60711227367228	2.05730213987821e-08	1.36597767942603e-05
BVRB_9g223070	680.668290532477	0.36049374594551	0.0650631054153111	5.5406784481682	3.01302027411417e-08	1.93385684593561e-05
BVRB_6g156050	178.707338540457	1.39438695723226	0.253782145387403	5.49442497266192	3.91985526999698e-08	2.4347359104449e-05
BVRB_6g152640	1923.39255927025	0.789189872309994	0.145125739263631	5.43797314187235	5.38900955042754e-08	3.24266809042132e-05
BVRB_4g077570	6267.9862911044	0.583116398471318	0.108610148582198	5.36889421553463	7.92208671959754e-08	4.49509334656107e-05
BVRB_7g174160	2570.01141254469	-1.52139584812997	0.283390585174415	-5.36854760786641	7.93732400846929e-08	4.49509334656107e-05
BVRB_3g066850	18.0752391453978	2.42959021414824	0.454042330979973	5.35102136601312	8.74591939626492e-08	4.81150508500232e-05
BVRB_1g020730	1734.36723725262	-0.777073853482743	0.146649262785106	-5.29885959686981	1.16528194299676e-07	6.23263994788963e-05
BVRB_3g055840	155.045381818864	-0.653481021771536	0.123887196554569	-5.27480675925779	1.32896047144342e-07	6.91598212909273e-05
BVRB_5g123200	171.881249645414	-0.807860323843452	0.153867773005781	-5.25035430137212	1.51806937658556e-07	7.69221732793551e-05
BVRB_9g213700	95.6666829192649	-0.445595122951312	0.0864587120447573	-5.15384872632199	2.55193831028254e-07	0.000125993774780744
BVRB_2g023780	24.2769055409783	1.87171227467199	0.364823022856133	5.13046643827106	2.89025090522717e-07	0.000139129452950373
BVRB_9g216730	63.5308716684916	0.973787773978921	0.19256241912324	5.05699802906867	4.25907638519406e-07	0.00020002077023637
BVRB_3g070220	271.564629981832	0.499930794215034	0.0992125171436337	5.03898911758549	4.67997091031003e-07	0.000214554380661952
BVRB_6g153730	222.581520073992	-1.06277455331121	0.211450685327955	-5.0261107059685	5.00527014653753e-07	0.000224131341096698
BVRB_3g066840	65.3242896556036	1.5428995879175	0.312967812323585	4.92989862587613	8.22722976843557e-07	0.000360034793616425
BVRB_1g004050	571.475723607267	-0.493316354244957	0.100609939945726	-4.90325662167255	9.42607110940616e-07	0.000403331109359146
BVRB_6g155350	690.922554525912	0.237851615934609	0.0487577358300221	4.87823341025926	1.07040212500662e-06	0.000448056367760924
BVRB_4g077360	109.690687387069	-0.769461720728227	0.158620612584663	-4.85095668330956	1.22867380544032e-06	0.000498267825002488
BVRB_9g208590	284.417723662218	0.674259194856759	0.13905694630169	4.84879909122933	1.2421114308034e-06	0.000498267825002488
BVRB_002570	160.22649104358	-1.49628557865116	0.310847933873536	-4.81356128060965	1.48264108311911e-06	0.000582617429703232
BVRB_5g100020	3279.63385887159	-0.576680068954743	0.12017225693156	-4.79877871714745	1.59636045067882e-06	0.000603239093413522
BVRB_7g167470	392.027562781536	-0.463828333830351	0.0966590738720234	-4.79860105471795	1.59777687686781e-06	0.000603239093413522
BVRB_6g145060	1435.84417477788	-0.236100378561614	0.0495197732443147	-4.76780007446258	1.86248467485599e-06	0.000689656584891386
BVRB_9g211320	96.1318711217095	-0.528251530207613	0.110971718844956	-4.7602356321583	1.93367069854034e-06	0.000702506213214984
BVRB_6g154770	1110.04149338172	1.54070384576376	0.325475361816385	4.73370345812208	2.20459755964446e-06	0.000786102333536185
BVRB_2g025460	2343.34710792339	-1.3055829085307	0.286198847492486	-4.56180351517653	5.07160965108706e-06	0.0017755244333033
BVRB_8g192000	2794.03674157873	-1.0605000644047	0.233327516595256	-4.54511358059972	5.49056388056564e-06	0.00188787156286235
BVRB_004160	157.736415134359	-1.53723498522937	0.339804192275413	-4.52388469646495	6.07148093820655e-06	0.00203869294500986
BVRB_1g004720	225.455743962412	0.935397088214466	0.206878651977714	4.52147710395576	6.14096031215641e-06	0.00203869294500986
BVRB_2g044280	841.880112621171	1.04523639970041	0.235940853069119	4.43007807297455	9.41989789387028e-06	0.00307423955841478
BVRB_2g044050	5318.33649608559	1.05747580798526	0.239846850228953	4.40896266503319	1.03866927395083e-05	0.00333326281165386
BVRB_2g044600	378.090817740264	0.618291562056984	0.140729897672187	4.39346274163587	1.11559316086716e-05	0.00352143382172086
BVRB_5g125830	178.161663705889	0.502075577267967	0.114802389475673	4.37338960940668	1.22332116637698e-05	0.00379920146106269
BVRB_2g044270	470.195403580482	1.05839059782818	0.243586716493834	4.34502592367333	1.39259216258405e-05	0.00425624795088189
BVRB_7g177340	649.342204027609	0.216933028896472	0.0500866606524344	4.33115376570685	1.4833004786391e-05	0.0044626485494056
BVRB_5g115670	3608.0617256367	0.35575043304543	0.082524286035134	4.310857447394	1.62622721662558e-05	0.0048173853932501
BVRB_3g056920	248.995960497145	0.462005925734975	0.107343259023251	4.30400502033298	1.67737859521477e-05	0.0048936249774031
BVRB_3g066580	52.4855828195765	-0.869633993780594	0.204597378161038	-4.25046499420979	2.13327175934594e-05	0.00613076831734418
BVRB_2g033220	4174.79055911723	0.547103616254963	0.129456517429919	4.22615737790982	2.37715767594665e-05	0.00673120162505187
BVRB_7g160870	173.635799728357	1.04043217305732	0.248417721600767	4.18823651691566	2.81130449797353e-05	0.00773309544406863
BVRB_7g178650	13.8153433345363	-1.18189905234357	0.28206104030182	-4.19022439638906	2.78678718776653e-05	0.00773309544406863
BVRB_9g216800	21.8986209277918	2.05677576627351	0.491539106999018	4.18435834908577	2.85972697961927e-05	0.00775549901303788
BVRB_2g030250	290.746669822915	-0.563850549017983	0.135180476612947	-4.17109454816036	3.03140043676132e-05	0.00810689102914433
BVRB_2g046860	375.952632162393	-0.717101958013582	0.172103583789962	-4.16668812015411	3.09056863887757e-05	0.00815190399199829
BVRB_003830	507.241194544385	-0.748758898835469	0.180781516591745	-4.14178901113201	3.44607282388252e-05	0.00873080687156024
BVRB_2g031320	338.587229186776	-0.805127131503922	0.194314555537852	-4.1434216251859	3.4216204099487e-05	0.00873080687156024
BVRB_9g203800	2820.48141338056	-0.1830722816127	0.0441612491686792	-4.14554128470037	3.39011909324959e-05	0.00873080687156024
BVRB_9g224210	20391.3117473418	0.25468257615901	0.0617265319490497	4.12598226592788	3.69155715586811e-05	0.00923129000470654
BVRB_3g052300	749.469879956392	-0.267254176513991	0.0649612329568514	-4.11405640486391	3.88766374927005e-05	0.0095970468579737
BVRB_7g171980	35.9422042500843	-0.572682325662361	0.140264472928765	-4.08287511231161	4.44819304246789e-05	0.0108417667130024
BVRB_9g221050	338.085151198121	-0.563861878542459	0.139761450741549	-4.03445925575836	5.47281851146956e-05	0.0131723900547933
BVRB_6g156330	226.722257680835	-0.458640184587556	0.114226770505296	-4.01517247278118	5.94023389828938e-05	0.0141208893471064
BVRB_3g050010	27.6832718123532	0.947543638387086	0.236602851360663	4.00478537320206	6.20738142289778e-05	0.0145759913777923
BVRB_9g222040	43.8608962697423	1.15884272062778	0.291439788576658	3.976268052785	7.00052135205719e-05	0.0162403661004652
BVRB_1g001840	21.9648970475399	-1.05465394237747	0.265451142104639	-3.9730623647561	7.09544619281982e-05	0.0162646210050888
BVRB_7g160940	86.8185661622868	1.08829092430689	0.27488668180494	3.95905293468944	7.52475590606182e-05	0.0170457852907318
BVRB_9g202640	396.720562895671	-0.402370821320195	0.102105461281611	-3.94073751070417	8.12314763378882e-05	0.018187349731233
BVRB_2g025750	32.9599232283251	-1.60444324983033	0.40906864000155	-3.92218589482745	8.77492480432187e-05	0.0192001337621838
BVRB_7g177600	270.043533683707	-0.695479653857182	0.177267203314911	-3.92334081461012	8.73294747759275e-05	0.0192001337621838
BVRB_1g010560	120.70670666003	-0.657124507014564	0.168227258194695	-3.90617141399316	9.37700053335318e-05	0.020061571696635
BVRB_4g080010	26.3830743330778	-3.18655469918136	0.815771456428269	-3.90618557939401	9.37645113634929e-05	0.020061571696635
BVRB_1g005220	22.0896002778426	0.912402468292255	0.233958500345403	3.89984748126371	9.62533034238078e-05	0.0203665643673123
BVRB_3g067130	131.310680703195	-0.617201664419529	0.158683765539124	-3.88950729977073	0.000100447947446792	0.0210231003053042
BVRB_2g029600	7647.54037302301	-0.861129765947522	0.222652196353753	-3.86760058984259	0.000109911495194258	0.0225143174464408
BVRB_6g150840	1350.19837489205	-0.271702690606614	0.0702391605725757	-3.86825082178869	0.000109618876996829	0.0225143174464408
BVRB_6g151770	34.0436170423186	-0.833738190533564	0.215768234897256	-3.86404509880972	0.000111524617010433	0.0226042789530093
BVRB_2g029780	51.1529448535064	-1.55391818936927	0.404344353036961	-3.84305648810983	0.000121511486776125	0.0243388113585329
BVRB_5g120200	719.141190207382	0.198884659685613	0.0517814573301164	3.84084708967703	0.00012261047529357	0.0243388113585329
BVRB_2g024230	1031.93156579663	0.588524006860037	0.153529986240624	3.833283785603	0.00012644394066143	0.0244384131714441
BVRB_4g081590	579.732889164508	-0.356162860162106	0.0929517584580043	-3.83169577499732	0.000127263046846019	0.0244384131714441
BVRB_4g091470	14.2356237428545	1.00547771575844	0.262532842287454	3.82991212450865	0.000128189027801395	0.0244384131714441
BVRB_5g109890	1307.17937951456	0.346622064580389	0.0903333797571635	3.83714265437856	0.000124474171640101	0.0244384131714441
BVRB_1g017350	496.925834563401	0.356214178426281	0.0930946123278536	3.82636727861107	0.00013004821420941	0.0245497878882568
BVRB_009570	286.785495064743	1.758710530502	0.463298232451218	3.79606570307212	0.000147010551575472	0.0274824094231622
BVRB_9g216760	9.72038837853269	-4.82331098126664	1.27459119126211	-3.78420235000256	0.000154202329397068	0.0285496716590437
BVRB_4g075330	7913.92768949036	0.2601405377023	0.0691125487244471	3.76401308450488	0.000167208128747103	0.0303735143304289
BVRB_6g139670	145.582744297035	-0.695578518087878	0.184735380486246	-3.7652696319299	0.00016636945177668	0.0303735143304289
BVRB_3g066760	3723.61488064426	0.222064760159231	0.0591919149297593	3.75160628647927	0.000175705236262237	0.0316187320021436
BVRB_6g151040	245.174948653966	0.417041163192675	0.111777151666434	3.73100546019647	0.000190717089594228	0.034002384816082
BVRB_012950	418.487652459085	0.225580053213203	0.0616531498478904	3.65885690787495	0.000253342737548577	0.0447533432247508
BVRB_3g061190	528.273260612233	-0.273597658542851	0.0751707216438341	-3.63968380986393	0.00027297302502241	0.0466322982038373
BVRB_5g099470	1063.75227429386	0.327525318374528	0.0899815120549754	3.63991792196626	0.000272724960507532	0.0466322982038373
BVRB_6g140880	1575.13992144285	0.331958280254858	0.0911347825457914	3.64249818764929	0.000270004879534793	0.0466322982038373
BVRB_6g147870	2295.88711624452	0.517461354060068	0.142197592874446	3.6390303351827	0.000273666564374636	0.0466322982038373
